11100011101000000000000000000101
11100011101000000001000000001010
11100000010100000010000000000001
00010000100000000100000000000001
00000000100000100100000000000001
11101010000000000000000000000000
11100010100000010001000000011001
11100011101100000111000000011100
11100000000000010000000000000010
11100001100001000011000000000111
11100001101000000001000000000001
11100001101000000001000000000001
11100001101000000001000000000001
11100001101000000001000000000001
11100001101000000001000000000001
11100001101000000001000000000001
11100001101000000001000000000001
11100001101000000001000000000001
11100001101000000001000000000001
11100001101000000001000000000001
11100001101000000001000000000001
11100001101000000001000000000001
11100001101000000001000000000001
11100001101000000001000000000001
11100001101000000001000000000001
11100001101000000001000000000001
11100001101000000001000000000001
11100001101000000001000000000001
11100001101000000001000000000001
11100001101000000001000000000001
11100001101000000001000000000001
11100001101000000001000000000001
11100001101000000001000000000001
11100001101000000001000000000001
11100001101000000001000000000001
11100001101000000001000000000001
11100001101000000001000000000001
11100001101000000001000000000001
11100001101000000001000000000001
11100001101000000001000000000001
11100001101000000001000000000001
11100001101000000001000000000001
11100001101000000001000000000001
11100001101000000001000000000001
11100001101000000001000000000001
11100001101000000001000000000001
11100001101000000001000000000001
11100001101000000001000000000001
11100001101000000001000000000001
11100001101000000001000000000001
11100001101000000001000000000001
11100001101000000001000000000001
11100001101000000001000000000001
11100001101000000001000000000001
11100001101000000001000000000001
11100001101000000001000000000001
11100001101000000001000000000001
11100001101000000001000000000001
11100001101000000001000000000001
11100001101000000001000000000001
11100001101000000001000000000001
11100001101000000001000000000001
11100001101000000001000000000001
11100001101000000001000000000001
11100001101000000001000000000001
11100001101000000001000000000001
11100001101000000001000000000001
11100001101000000001000000000001
11100001101000000001000000000001
11100001101000000001000000000001
11100001101000000001000000000001
11100001101000000001000000000001
11100001101000000001000000000001
11100001101000000001000000000001
11100001101000000001000000000001
11100001101000000001000000000001
11100001101000000001000000000001
11100001101000000001000000000001
11100001101000000001000000000001
11100001101000000001000000000001
11100001101000000001000000000001
11100001101000000001000000000001
11100001101000000001000000000001
11100001101000000001000000000001
11100001101000000001000000000001
11100001101000000001000000000001
11100001101000000001000000000001
11100001101000000001000000000001
11100001101000000001000000000001
11100001101000000001000000000001
11100001101000000001000000000001
11100001101000000001000000000001
11100001101000000001000000000001
11100001101000000001000000000001
11100001101000000001000000000001
11100001101000000001000000000001
11100001101000000001000000000001
11100001101000000001000000000001
11100001101000000001000000000001
11100001101000000001000000000001
11100001101000000001000000000001
11100001101000000001000000000001
11100001101000000001000000000001
11100001101000000001000000000001
11100001101000000001000000000001
11100001101000000001000000000001
11100001101000000001000000000001
11100001101000000001000000000001
11100001101000000001000000000001
11100001101000000001000000000001
11100001101000000001000000000001
11100001101000000001000000000001
11100001101000000001000000000001
11100001101000000001000000000001
11100001101000000001000000000001
11100001101000000001000000000001
11100001101000000001000000000001
11100001101000000001000000000001
11100001101000000001000000000001
11100001101000000001000000000001
