11100011101000000000000000000000
11100011101000000001000000000000
11100011101000000010000000000000
11100011101000000011000000000000
11100011101000000100000000000000
11100011101000000101000000000000
11100101100000000001000000000001
11100101100000000010000000000010
11100101100000000011000000000011
11100101100000000100000000000100
11100101100000000101000000000101
11100001101000000001000000000001
11100001101000000001000000000001
11100001101000000001000000000001
11100001101000000001000000000001
11100011101000000011000000000001
11100101100000000011000000000011
11100101100100000100000000000100
11100101100100000101000000000101
11100000010101000110000000000101
00001010111111111111111111111011
01001010000000000000000000000010
11100011101000000001000000000001
11100101100000000001000000000001
11101010000000000000000000000001
11100011101000000010000000000001
11100101100000000010000000000010
11100101100000000010000000000010
