11100011101000000000000000000000
11100011101000000001000000000001
11100011101000000010000000000001
11100101100000000001000000000001
11100101100000000010000000000010
11100001101000000001000000000001
11100001101000000001000000000001
11100001101000000001000000000001
11100001101000000001000000000001
11100001101000000001000000000001
11100001101000000001000000000001
11100001101000000001000000000001
11100001101000000001000000000001
11100001101000000001000000000001
11100001101000000001000000000001
11100001101000000001000000000001
11100001101000000001000000000001
11100001101000000001000000000001
11100001101000000001000000000001
11100001101000000001000000000001
11100001101000000001000000000001
11100001101000000001000000000001
11100001101000000001000000000001
11100001101000000001000000000001
11100001101000000001000000000001
11100001101000000001000000000001
11100001101000000001000000000001
11100001101000000001000000000001
11100001101000000001000000000001
11100001101000000001000000000001
11100001101000000001000000000001
11100001101000000001000000000001
11100001101000000001000000000001
11100001101000000001000000000001
11100001101000000001000000000001
11100001101000000001000000000001
11100001101000000001000000000001
11100001101000000001000000000001
11100001101000000001000000000001
11100001101000000001000000000001
11100001101000000001000000000001
11100001101000000001000000000001
11100001101000000001000000000001
11100001101000000001000000000001
11100001101000000001000000000001
11100001101000000001000000000001
11100001101000000001000000000001
11100001101000000001000000000001
11100001101000000001000000000001
11100001101000000001000000000001
11100001101000000001000000000001
11101010111111111111111111010000
11101010111111111111111111010000
