11100001101000000001000000000001
11100001101000000001000000000001
11100001101000000001000000000001
11100001101000000001000000000001
11100001101000000001000000000001
11100001101000000001000000000001
11100001101000000001000000000001
11100001101000000001000000000001
11100001101000000001000000000001
11100001101000000001000000000001
11100001101000000001000000000001
11100001101000000001000000000001
11100001101000000001000000000001
11100001101000000001000000000001
11100001101000000001000000000001
11100001101000000001000000000001
